# Blender 4.0.1
# www.blender.org
mtllib mirror.mtl
o frame
v -4.957932 6.000000 -2.000000
v -4.957932 0.000000 -2.000000
v -4.957932 6.000000 2.000000
v -4.957932 0.000000 2.000000
v -5.157931 6.000000 -2.000000
v -5.157931 0.000000 -2.000000
v -5.157931 6.000000 2.000000
v -5.157931 0.000000 2.000000
vn -0.0000 1.0000 -0.0000
vn -0.0000 -0.0000 1.0000
vn -1.0000 -0.0000 -0.0000
vn -0.0000 -1.0000 -0.0000
vn 1.0000 -0.0000 -0.0000
vn -0.0000 -0.0000 -1.0000
vt 0.625000 0.500000
vt 0.875000 0.500000
vt 0.875000 0.750000
vt 0.625000 0.750000
vt 0.375000 0.750000
vt 0.625000 1.000000
vt 0.375000 1.000000
vt 0.375000 0.000000
vt 0.625000 0.000000
vt 0.625000 0.250000
vt 0.375000 0.250000
vt 0.125000 0.500000
vt 0.375000 0.500000
vt 0.125000 0.750000
s 0
usemtl Material.001
f 1/1/1 5/2/1 7/3/1 3/4/1
f 4/5/2 3/4/2 7/6/2 8/7/2
f 8/8/3 7/9/3 5/10/3 6/11/3
f 6/12/4 2/13/4 4/5/4 8/14/4
f 2/13/5 1/1/5 3/4/5 4/5/5
f 6/11/6 5/10/6 1/1/6 2/13/6
o Cube.001
v -5.019438 6.000000 -2.000000
v -5.019438 0.000000 -2.000000
v -5.019438 6.000000 2.000000
v -5.019438 0.000000 2.000000
v -5.419437 6.000000 -2.000000
v -5.376334 5.898604 -1.995869
v -5.419437 0.000000 -2.000000
v -5.376334 0.098604 -1.995869
v -5.419437 6.000000 2.000000
v -5.376334 5.898604 1.804131
v -5.419437 0.000000 2.000000
v -5.376334 0.098604 1.804131
v -5.019438 5.898604 1.804131
v -5.019438 0.098604 -1.995869
v -5.019438 5.898604 -1.995869
v -5.019438 0.098604 1.804131
vn -0.0000 1.0000 -0.0000
vn -0.0000 -0.0000 1.0000
vn -1.0000 -0.0000 -0.0000
vn -0.0000 -1.0000 -0.0000
vn 1.0000 -0.0000 -0.0000
vn -0.0000 -0.0000 -1.0000
vt 0.625000 0.500000
vt 0.875000 0.500000
vt 0.875000 0.750000
vt 0.625000 0.750000
vt 0.375000 0.750000
vt 0.625000 1.000000
vt 0.375000 1.000000
vt 0.375000 0.000000
vt 0.625000 0.000000
vt 0.625000 0.250000
vt 0.375000 0.250000
vt 0.125000 0.500000
vt 0.375000 0.500000
vt 0.125000 0.750000
vt 0.379109 0.500258
vt 0.620775 0.500258
vt 0.379109 0.737758
vt 0.620775 0.737758
vt 0.651940 0.500000
vt 0.651940 0.750000
vt 0.375000 0.776940
vt 0.625000 0.776940
vt 0.348060 0.750000
vt 0.348060 0.500000
vt 0.625000 0.473060
vt 0.375000 0.473060
s 0
usemtl Material
f 9/15/7 13/16/7 17/17/7 11/18/7
f 12/19/8 11/18/8 17/20/8 19/21/8
f 19/22/9 17/23/9 13/24/9 15/25/9
f 15/26/10 10/27/10 12/19/10 19/28/10
f 22/29/11 10/27/11 9/15/11 23/30/11
f 23/30/11 9/15/11 11/18/11 12/19/11 10/27/11 22/29/11 24/31/11 21/32/11
f 15/25/12 13/24/12 9/15/12 10/27/12
f 18/17/10 14/16/10 23/33/10 21/34/10
f 24/35/12 20/21/12 18/20/12 21/36/12
f 20/22/11 16/25/11 14/24/11 18/23/11
f 16/26/7 20/28/7 24/37/7 22/38/7
f 23/39/8 14/24/8 16/25/8 22/40/8
o frame.001
v -4.808105 9.202314 -6.286431
v -4.808105 3.202314 -6.286431
v -4.808105 9.202314 -2.286431
v -4.808105 3.202314 -2.286431
v -5.008105 9.202314 -6.286431
v -5.008105 3.202314 -6.286431
v -5.008105 9.202314 -2.286431
v -5.008105 3.202314 -2.286431
vn -0.0000 1.0000 -0.0000
vn -0.0000 -0.0000 1.0000
vn -1.0000 -0.0000 -0.0000
vn -0.0000 -1.0000 -0.0000
vn 1.0000 -0.0000 -0.0000
vn -0.0000 -0.0000 -1.0000
vt 0.625000 0.500000
vt 0.875000 0.500000
vt 0.875000 0.750000
vt 0.625000 0.750000
vt 0.375000 0.750000
vt 0.625000 1.000000
vt 0.375000 1.000000
vt 0.375000 0.000000
vt 0.625000 0.000000
vt 0.625000 0.250000
vt 0.375000 0.250000
vt 0.125000 0.500000
vt 0.375000 0.500000
vt 0.125000 0.750000
s 0
usemtl Material.001
f 25/41/13 29/42/13 31/43/13 27/44/13
f 28/45/14 27/44/14 31/46/14 32/47/14
f 32/48/15 31/49/15 29/50/15 30/51/15
f 30/52/16 26/53/16 28/45/16 32/54/16
f 26/53/17 25/41/17 27/44/17 28/45/17
f 30/51/18 29/50/18 25/41/18 26/53/18
o frame.002
v -7.940473 2.008201 9.673060
v -7.940473 -3.991799 9.673060
v -7.940473 2.008201 13.673060
v -7.940473 -3.991799 13.673060
v -8.140473 2.008201 9.673060
v -8.140473 -3.991799 9.673060
v -8.140473 2.008201 13.673060
v -8.140473 -3.991799 13.673060
vn -0.0000 1.0000 -0.0000
vn -0.0000 -0.0000 1.0000
vn -1.0000 -0.0000 -0.0000
vn -0.0000 -1.0000 -0.0000
vn 1.0000 -0.0000 -0.0000
vn -0.0000 -0.0000 -1.0000
vt 0.625000 0.500000
vt 0.875000 0.500000
vt 0.875000 0.750000
vt 0.625000 0.750000
vt 0.375000 0.750000
vt 0.625000 1.000000
vt 0.375000 1.000000
vt 0.375000 0.000000
vt 0.625000 0.000000
vt 0.625000 0.250000
vt 0.375000 0.250000
vt 0.125000 0.500000
vt 0.375000 0.500000
vt 0.125000 0.750000
s 0
usemtl Material.001
f 33/55/19 37/56/19 39/57/19 35/58/19
f 36/59/20 35/58/20 39/60/20 40/61/20
f 40/62/21 39/63/21 37/64/21 38/65/21
f 38/66/22 34/67/22 36/59/22 40/68/22
f 34/67/23 33/55/23 35/58/23 36/59/23
f 38/65/24 37/64/24 33/55/24 34/67/24
o frame.003
v -9.664774 8.754238 5.261542
v -9.664774 2.754238 5.261542
v -9.664774 8.754238 9.261541
v -9.664774 2.754238 9.261541
v -9.864775 8.754238 5.261542
v -9.864775 2.754238 5.261542
v -9.864775 8.754238 9.261541
v -9.864775 2.754238 9.261541
vn -0.0000 1.0000 -0.0000
vn -0.0000 -0.0000 1.0000
vn -1.0000 -0.0000 -0.0000
vn -0.0000 -1.0000 -0.0000
vn 1.0000 -0.0000 -0.0000
vn -0.0000 -0.0000 -1.0000
vt 0.625000 0.500000
vt 0.875000 0.500000
vt 0.875000 0.750000
vt 0.625000 0.750000
vt 0.375000 0.750000
vt 0.625000 1.000000
vt 0.375000 1.000000
vt 0.375000 0.000000
vt 0.625000 0.000000
vt 0.625000 0.250000
vt 0.375000 0.250000
vt 0.125000 0.500000
vt 0.375000 0.500000
vt 0.125000 0.750000
s 0
usemtl Material.001
f 41/69/25 45/70/25 47/71/25 43/72/25
f 44/73/26 43/72/26 47/74/26 48/75/26
f 48/76/27 47/77/27 45/78/27 46/79/27
f 46/80/28 42/81/28 44/73/28 48/82/28
f 42/81/29 41/69/29 43/72/29 44/73/29
f 46/79/30 45/78/30 41/69/30 42/81/30
o frame.004
v -3.811914 3.996430 -2.124995
v -3.811914 -2.003570 -2.124995
v -3.811914 3.996430 1.875005
v -3.811914 -2.003570 1.875005
v -4.011914 3.996430 -2.124995
v -4.011914 -2.003570 -2.124995
v -4.011914 3.996430 1.875005
v -4.011914 -2.003570 1.875005
vn -0.0000 1.0000 -0.0000
vn -0.0000 -0.0000 1.0000
vn -1.0000 -0.0000 -0.0000
vn -0.0000 -1.0000 -0.0000
vn 1.0000 -0.0000 -0.0000
vn -0.0000 -0.0000 -1.0000
vt 0.625000 0.500000
vt 0.875000 0.500000
vt 0.875000 0.750000
vt 0.625000 0.750000
vt 0.375000 0.750000
vt 0.625000 1.000000
vt 0.375000 1.000000
vt 0.375000 0.000000
vt 0.625000 0.000000
vt 0.625000 0.250000
vt 0.375000 0.250000
vt 0.125000 0.500000
vt 0.375000 0.500000
vt 0.125000 0.750000
s 0
usemtl Material.001
f 49/83/31 53/84/31 55/85/31 51/86/31
f 52/87/32 51/86/32 55/88/32 56/89/32
f 56/90/33 55/91/33 53/92/33 54/93/33
f 54/94/34 50/95/34 52/87/34 56/96/34
f 50/95/35 49/83/35 51/86/35 52/87/35
f 54/93/36 53/92/36 49/83/36 50/95/36
o frame.005
v -1.336373 5.042465 -9.019114
v -1.336373 -0.957535 -9.019114
v -1.336373 5.042465 -5.019114
v -1.336373 -0.957535 -5.019114
v -1.536373 5.042465 -9.019114
v -1.536373 -0.957535 -9.019114
v -1.536373 5.042465 -5.019114
v -1.536373 -0.957535 -5.019114
vn -0.0000 1.0000 -0.0000
vn -0.0000 -0.0000 1.0000
vn -1.0000 -0.0000 -0.0000
vn -0.0000 -1.0000 -0.0000
vn 1.0000 -0.0000 -0.0000
vn -0.0000 -0.0000 -1.0000
vt 0.625000 0.500000
vt 0.875000 0.500000
vt 0.875000 0.750000
vt 0.625000 0.750000
vt 0.375000 0.750000
vt 0.625000 1.000000
vt 0.375000 1.000000
vt 0.375000 0.000000
vt 0.625000 0.000000
vt 0.625000 0.250000
vt 0.375000 0.250000
vt 0.125000 0.500000
vt 0.375000 0.500000
vt 0.125000 0.750000
s 0
usemtl Material.001
f 57/97/37 61/98/37 63/99/37 59/100/37
f 60/101/38 59/100/38 63/102/38 64/103/38
f 64/104/39 63/105/39 61/106/39 62/107/39
f 62/108/40 58/109/40 60/101/40 64/110/40
f 58/109/41 57/97/41 59/100/41 60/101/41
f 62/107/42 61/106/42 57/97/42 58/109/42
o frame.006
v -2.518948 4.475457 -5.642777
v -2.518948 -1.524543 -5.642777
v -2.518948 4.475457 -1.642777
v -2.518948 -1.524543 -1.642777
v -2.718947 4.475457 -5.642777
v -2.718947 -1.524543 -5.642777
v -2.718947 4.475457 -1.642777
v -2.718947 -1.524543 -1.642777
vn -0.0000 1.0000 -0.0000
vn -0.0000 -0.0000 1.0000
vn -1.0000 -0.0000 -0.0000
vn -0.0000 -1.0000 -0.0000
vn 1.0000 -0.0000 -0.0000
vn -0.0000 -0.0000 -1.0000
vt 0.625000 0.500000
vt 0.875000 0.500000
vt 0.875000 0.750000
vt 0.625000 0.750000
vt 0.375000 0.750000
vt 0.625000 1.000000
vt 0.375000 1.000000
vt 0.375000 0.000000
vt 0.625000 0.000000
vt 0.625000 0.250000
vt 0.375000 0.250000
vt 0.125000 0.500000
vt 0.375000 0.500000
vt 0.125000 0.750000
s 0
usemtl Material.001
f 65/111/43 69/112/43 71/113/43 67/114/43
f 68/115/44 67/114/44 71/116/44 72/117/44
f 72/118/45 71/119/45 69/120/45 70/121/45
f 70/122/46 66/123/46 68/115/46 72/124/46
f 66/123/47 65/111/47 67/114/47 68/115/47
f 70/121/48 69/120/48 65/111/48 66/123/48
o frame.007
v -1.745159 4.921401 -9.489191
v -1.745159 -1.078599 -9.489191
v 1.818866 4.921401 -11.305155
v 1.818866 -1.078599 -11.305155
v -1.654361 4.921401 -9.310989
v -1.654361 -1.078599 -9.310989
v 1.909664 4.921401 -11.126953
v 1.909664 -1.078599 -11.126953
vn -0.0000 1.0000 -0.0000
vn 0.8910 -0.0000 -0.4540
vn 0.4540 -0.0000 0.8910
vn -0.0000 -1.0000 -0.0000
vn -0.4540 -0.0000 -0.8910
vn -0.8910 -0.0000 0.4540
vt 0.625000 0.500000
vt 0.875000 0.500000
vt 0.875000 0.750000
vt 0.625000 0.750000
vt 0.375000 0.750000
vt 0.625000 1.000000
vt 0.375000 1.000000
vt 0.375000 0.000000
vt 0.625000 0.000000
vt 0.625000 0.250000
vt 0.375000 0.250000
vt 0.125000 0.500000
vt 0.375000 0.500000
vt 0.125000 0.750000
s 0
usemtl Material.001
f 73/125/49 77/126/49 79/127/49 75/128/49
f 76/129/50 75/128/50 79/130/50 80/131/50
f 80/132/51 79/133/51 77/134/51 78/135/51
f 78/136/52 74/137/52 76/129/52 80/138/52
f 74/137/53 73/125/53 75/128/53 76/129/53
f 78/135/54 77/134/54 73/125/54 74/137/54
o frame.008
v -1.477181 -0.430734 -4.430112
v -1.477181 -6.430734 -4.430112
v 2.462050 -0.430734 -5.124704
v 2.462050 -6.430734 -5.124704
v -1.442451 -0.430734 -4.233150
v -1.442451 -6.430734 -4.233150
v 2.496779 -0.430734 -4.927743
v 2.496779 -6.430734 -4.927743
vn -0.0000 1.0000 -0.0000
vn 0.9848 -0.0000 -0.1736
vn 0.1736 -0.0000 0.9848
vn -0.0000 -1.0000 -0.0000
vn -0.1736 -0.0000 -0.9848
vn -0.9848 -0.0000 0.1736
vt 0.625000 0.500000
vt 0.875000 0.500000
vt 0.875000 0.750000
vt 0.625000 0.750000
vt 0.375000 0.750000
vt 0.625000 1.000000
vt 0.375000 1.000000
vt 0.375000 0.000000
vt 0.625000 0.000000
vt 0.625000 0.250000
vt 0.375000 0.250000
vt 0.125000 0.500000
vt 0.375000 0.500000
vt 0.125000 0.750000
s 0
usemtl Material.001
f 81/139/55 85/140/55 87/141/55 83/142/55
f 84/143/56 83/142/56 87/144/56 88/145/56
f 88/146/57 87/147/57 85/148/57 86/149/57
f 86/150/58 82/151/58 84/143/58 88/152/58
f 82/151/59 81/139/59 83/142/59 84/143/59
f 86/149/60 85/148/60 81/139/60 82/151/60
o frame.009
v -5.487432 -0.518192 4.321465
v -5.487432 -6.518191 4.321465
v -2.423254 -0.518192 6.892616
v -2.423254 -6.518191 6.892616
v -5.615989 -0.518192 4.474674
v -5.615989 -6.518191 4.474674
v -2.551811 -0.518192 7.045825
v -2.551811 -6.518191 7.045825
vn -0.0000 1.0000 -0.0000
vn 0.7660 -0.0000 0.6428
vn -0.6428 -0.0000 0.7660
vn -0.0000 -1.0000 -0.0000
vn 0.6428 -0.0000 -0.7660
vn -0.7660 -0.0000 -0.6428
vt 0.625000 0.500000
vt 0.875000 0.500000
vt 0.875000 0.750000
vt 0.625000 0.750000
vt 0.375000 0.750000
vt 0.625000 1.000000
vt 0.375000 1.000000
vt 0.375000 0.000000
vt 0.625000 0.000000
vt 0.625000 0.250000
vt 0.375000 0.250000
vt 0.125000 0.500000
vt 0.375000 0.500000
vt 0.125000 0.750000
s 0
usemtl Material.001
f 89/153/61 93/154/61 95/155/61 91/156/61
f 92/157/62 91/156/62 95/158/62 96/159/62
f 96/160/63 95/161/63 93/162/63 94/163/63
f 94/164/64 90/165/64 92/157/64 96/166/64
f 90/165/65 89/153/65 91/156/65 92/157/65
f 94/163/66 93/162/66 89/153/66 90/165/66
o frame.010
v -5.799877 2.615696 5.854026
v -5.799877 -3.384304 5.854026
v -7.233349 2.615696 9.588347
v -7.233349 -3.384304 9.588347
v -5.986593 2.615696 5.782352
v -5.986593 -3.384304 5.782352
v -7.420065 2.615696 9.516674
v -7.420065 -3.384304 9.516674
vn -0.0000 1.0000 -0.0000
vn -0.3584 -0.0000 0.9336
vn -0.9336 -0.0000 -0.3584
vn -0.0000 -1.0000 -0.0000
vn 0.9336 -0.0000 0.3584
vn 0.3584 -0.0000 -0.9336
vt 0.625000 0.500000
vt 0.875000 0.500000
vt 0.875000 0.750000
vt 0.625000 0.750000
vt 0.375000 0.750000
vt 0.625000 1.000000
vt 0.375000 1.000000
vt 0.375000 0.000000
vt 0.625000 0.000000
vt 0.625000 0.250000
vt 0.375000 0.250000
vt 0.125000 0.500000
vt 0.375000 0.500000
vt 0.125000 0.750000
s 0
usemtl Material.001
f 97/167/67 101/168/67 103/169/67 99/170/67
f 100/171/68 99/170/68 103/172/68 104/173/68
f 104/174/69 103/175/69 101/176/69 102/177/69
f 102/178/70 98/179/70 100/171/70 104/180/70
f 98/179/71 97/167/71 99/170/71 100/171/71
f 102/177/72 101/176/72 97/167/72 98/179/72
o frame.011
v -11.883400 8.298863 9.056225
v -11.883400 2.298863 9.056225
v -10.192927 8.298863 12.681456
v -10.192927 2.298863 12.681456
v -12.064662 8.298863 9.140749
v -12.064662 2.298863 9.140749
v -10.374189 8.298863 12.765980
v -10.374189 2.298863 12.765980
vn -0.0000 1.0000 -0.0000
vn 0.4226 -0.0000 0.9063
vn -0.9063 -0.0000 0.4226
vn -0.0000 -1.0000 -0.0000
vn 0.9063 -0.0000 -0.4226
vn -0.4226 -0.0000 -0.9063
vt 0.625000 0.500000
vt 0.875000 0.500000
vt 0.875000 0.750000
vt 0.625000 0.750000
vt 0.375000 0.750000
vt 0.625000 1.000000
vt 0.375000 1.000000
vt 0.375000 0.000000
vt 0.625000 0.000000
vt 0.625000 0.250000
vt 0.375000 0.250000
vt 0.125000 0.500000
vt 0.375000 0.500000
vt 0.125000 0.750000
s 0
usemtl Material.001
f 105/181/73 109/182/73 111/183/73 107/184/73
f 108/185/74 107/184/74 111/186/74 112/187/74
f 112/188/75 111/189/75 109/190/75 110/191/75
f 110/192/76 106/193/76 108/185/76 112/194/76
f 106/193/77 105/181/77 107/184/77 108/185/77
f 110/191/78 109/190/78 105/181/78 106/193/78
o frame.012
v -2.107295 -1.646017 3.221009
v -2.107295 -7.646017 3.221009
v -3.475375 -1.646017 6.979779
v -3.475375 -7.646017 6.979779
v -2.295233 -1.646017 3.152605
v -2.295233 -7.646017 3.152605
v -3.663313 -1.646017 6.911376
v -3.663313 -7.646017 6.911376
vn -0.0000 1.0000 -0.0000
vn -0.3420 -0.0000 0.9397
vn -0.9397 -0.0000 -0.3420
vn -0.0000 -1.0000 -0.0000
vn 0.9397 -0.0000 0.3420
vn 0.3420 -0.0000 -0.9397
vt 0.625000 0.500000
vt 0.875000 0.500000
vt 0.875000 0.750000
vt 0.625000 0.750000
vt 0.375000 0.750000
vt 0.625000 1.000000
vt 0.375000 1.000000
vt 0.375000 0.000000
vt 0.625000 0.000000
vt 0.625000 0.250000
vt 0.375000 0.250000
vt 0.125000 0.500000
vt 0.375000 0.500000
vt 0.125000 0.750000
s 0
usemtl Material.001
f 113/195/79 117/196/79 119/197/79 115/198/79
f 116/199/80 115/198/80 119/200/80 120/201/80
f 120/202/81 119/203/81 117/204/81 118/205/81
f 118/206/82 114/207/82 116/199/82 120/208/82
f 114/207/83 113/195/83 115/198/83 116/199/83
f 118/205/84 117/204/84 113/195/84 114/207/84
o frame.013
v 2.192076 -2.972220 -0.726919
v 2.192076 -8.972220 -0.726919
v -1.807924 -2.972220 -0.726919
v -1.807924 -8.972220 -0.726919
v 2.192076 -2.972220 -0.926919
v 2.192076 -8.972220 -0.926919
v -1.807924 -2.972220 -0.926919
v -1.807924 -8.972220 -0.926919
vn -0.0000 1.0000 -0.0000
vn -1.0000 -0.0000 -0.0000
vn -0.0000 -0.0000 -1.0000
vn -0.0000 -1.0000 -0.0000
vn -0.0000 -0.0000 1.0000
vn 1.0000 -0.0000 -0.0000
vt 0.625000 0.500000
vt 0.875000 0.500000
vt 0.875000 0.750000
vt 0.625000 0.750000
vt 0.375000 0.750000
vt 0.625000 1.000000
vt 0.375000 1.000000
vt 0.375000 0.000000
vt 0.625000 0.000000
vt 0.625000 0.250000
vt 0.375000 0.250000
vt 0.125000 0.500000
vt 0.375000 0.500000
vt 0.125000 0.750000
s 0
usemtl Material.001
f 121/209/85 125/210/85 127/211/85 123/212/85
f 124/213/86 123/212/86 127/214/86 128/215/86
f 128/216/87 127/217/87 125/218/87 126/219/87
f 126/220/88 122/221/88 124/213/88 128/222/88
f 122/221/89 121/209/89 123/212/89 124/213/89
f 126/219/90 125/218/90 121/209/90 122/221/90
o frame.014
v -0.130159 3.875168 -13.165689
v -0.130159 -2.124832 -13.165689
v 3.869841 3.875168 -13.165689
v 3.869841 -2.124832 -13.165689
v -0.130159 3.875168 -12.965689
v -0.130159 -2.124832 -12.965689
v 3.869841 3.875168 -12.965689
v 3.869841 -2.124832 -12.965689
vn -0.0000 1.0000 -0.0000
vn 1.0000 -0.0000 -0.0000
vn -0.0000 -0.0000 1.0000
vn -0.0000 -1.0000 -0.0000
vn -0.0000 -0.0000 -1.0000
vn -1.0000 -0.0000 -0.0000
vt 0.625000 0.500000
vt 0.875000 0.500000
vt 0.875000 0.750000
vt 0.625000 0.750000
vt 0.375000 0.750000
vt 0.625000 1.000000
vt 0.375000 1.000000
vt 0.375000 0.000000
vt 0.625000 0.000000
vt 0.625000 0.250000
vt 0.375000 0.250000
vt 0.125000 0.500000
vt 0.375000 0.500000
vt 0.125000 0.750000
s 0
usemtl Material.001
f 129/223/91 133/224/91 135/225/91 131/226/91
f 132/227/92 131/226/92 135/228/92 136/229/92
f 136/230/93 135/231/93 133/232/93 134/233/93
f 134/234/94 130/235/94 132/227/94 136/236/94
f 130/235/95 129/223/95 131/226/95 132/227/95
f 134/233/96 133/232/96 129/223/96 130/235/96
o frame.015
v 0.390612 -1.958656 -6.775754
v 0.390612 -7.958656 -6.775754
v 4.329843 -1.958656 -7.470346
v 4.329843 -7.958656 -7.470346
v 0.425341 -1.958656 -6.578793
v 0.425341 -7.958656 -6.578793
v 4.364573 -1.958656 -7.273385
v 4.364573 -7.958656 -7.273385
vn -0.0000 1.0000 -0.0000
vn 0.9848 -0.0000 -0.1736
vn 0.1736 -0.0000 0.9848
vn -0.0000 -1.0000 -0.0000
vn -0.1736 -0.0000 -0.9848
vn -0.9848 -0.0000 0.1736
vt 0.625000 0.500000
vt 0.875000 0.500000
vt 0.875000 0.750000
vt 0.625000 0.750000
vt 0.375000 0.750000
vt 0.625000 1.000000
vt 0.375000 1.000000
vt 0.375000 0.000000
vt 0.625000 0.000000
vt 0.625000 0.250000
vt 0.375000 0.250000
vt 0.125000 0.500000
vt 0.375000 0.500000
vt 0.125000 0.750000
s 0
usemtl Material.001
f 137/237/97 141/238/97 143/239/97 139/240/97
f 140/241/98 139/240/98 143/242/98 144/243/98
f 144/244/99 143/245/99 141/246/99 142/247/99
f 142/248/100 138/249/100 140/241/100 144/250/100
f 138/249/101 137/237/101 139/240/101 140/241/101
f 142/247/102 141/246/102 137/237/102 138/249/102
o frame.016
v -0.257199 -1.915882 -0.333745
v -0.257199 -7.915882 -0.333745
v -2.257199 -1.915882 3.130356
v -2.257199 -7.915882 3.130356
v -0.430405 -1.915882 -0.433745
v -0.430405 -7.915882 -0.433745
v -2.430405 -1.915882 3.030356
v -2.430405 -7.915882 3.030356
vn -0.0000 1.0000 -0.0000
vn -0.5000 -0.0000 0.8660
vn -0.8660 -0.0000 -0.5000
vn -0.0000 -1.0000 -0.0000
vn 0.8660 -0.0000 0.5000
vn 0.5000 -0.0000 -0.8660
vt 0.625000 0.500000
vt 0.875000 0.500000
vt 0.875000 0.750000
vt 0.625000 0.750000
vt 0.375000 0.750000
vt 0.625000 1.000000
vt 0.375000 1.000000
vt 0.375000 0.000000
vt 0.625000 0.000000
vt 0.625000 0.250000
vt 0.375000 0.250000
vt 0.125000 0.500000
vt 0.375000 0.500000
vt 0.125000 0.750000
s 0
usemtl Material.001
f 145/251/103 149/252/103 151/253/103 147/254/103
f 148/255/104 147/254/104 151/256/104 152/257/104
f 152/258/105 151/259/105 149/260/105 150/261/105
f 150/262/106 146/263/106 148/255/106 152/264/106
f 146/263/107 145/251/107 147/254/107 148/255/107
f 150/261/108 149/260/108 145/251/108 146/263/108
o frame.017
v -6.452276 4.526728 3.199227
v -6.452276 -1.473272 3.199227
v -6.452276 4.526728 7.199227
v -6.452276 -1.473272 7.199227
v -6.652276 4.526728 3.199227
v -6.652276 -1.473272 3.199227
v -6.652276 4.526728 7.199227
v -6.652276 -1.473272 7.199227
vn -0.0000 1.0000 -0.0000
vn -0.0000 -0.0000 1.0000
vn -1.0000 -0.0000 -0.0000
vn -0.0000 -1.0000 -0.0000
vn 1.0000 -0.0000 -0.0000
vn -0.0000 -0.0000 -1.0000
vt 0.625000 0.500000
vt 0.875000 0.500000
vt 0.875000 0.750000
vt 0.625000 0.750000
vt 0.375000 0.750000
vt 0.625000 1.000000
vt 0.375000 1.000000
vt 0.375000 0.000000
vt 0.625000 0.000000
vt 0.625000 0.250000
vt 0.375000 0.250000
vt 0.125000 0.500000
vt 0.375000 0.500000
vt 0.125000 0.750000
s 0
usemtl Material.001
f 153/265/109 157/266/109 159/267/109 155/268/109
f 156/269/110 155/268/110 159/270/110 160/271/110
f 160/272/111 159/273/111 157/274/111 158/275/111
f 158/276/112 154/277/112 156/269/112 160/278/112
f 154/277/113 153/265/113 155/268/113 156/269/113
f 158/275/114 157/274/114 153/265/114 154/277/114
o frame.018
v -3.304409 4.322011 2.348055
v -3.304409 -1.677989 2.348055
v -7.243640 4.322011 3.042648
v -7.243640 -1.677989 3.042648
v -3.339139 4.322011 2.151093
v -3.339139 -1.677989 2.151093
v -7.278370 4.322011 2.845686
v -7.278370 -1.677989 2.845686
vn -0.0000 1.0000 -0.0000
vn -0.9848 -0.0000 0.1736
vn -0.1736 -0.0000 -0.9848
vn -0.0000 -1.0000 -0.0000
vn 0.1736 -0.0000 0.9848
vn 0.9848 -0.0000 -0.1736
vt 0.625000 0.500000
vt 0.875000 0.500000
vt 0.875000 0.750000
vt 0.625000 0.750000
vt 0.375000 0.750000
vt 0.625000 1.000000
vt 0.375000 1.000000
vt 0.375000 0.000000
vt 0.625000 0.000000
vt 0.625000 0.250000
vt 0.375000 0.250000
vt 0.125000 0.500000
vt 0.375000 0.500000
vt 0.125000 0.750000
s 0
usemtl Material.001
f 161/279/115 165/280/115 167/281/115 163/282/115
f 164/283/116 163/282/116 167/284/116 168/285/116
f 168/286/117 167/287/117 165/288/117 166/289/117
f 166/290/118 162/291/118 164/283/118 168/292/118
f 162/291/119 161/279/119 163/282/119 164/283/119
f 166/289/120 165/288/120 161/279/120 162/291/120
o frame.019
v -3.515344 1.625088 -2.349674
v -3.515344 -4.374912 -2.349674
v 0.423887 1.625088 -3.044267
v 0.423887 -4.374912 -3.044267
v -3.480614 1.625088 -2.152713
v -3.480614 -4.374912 -2.152713
v 0.458617 1.625088 -2.847305
v 0.458617 -4.374912 -2.847305
vn -0.0000 1.0000 -0.0000
vn 0.9848 -0.0000 -0.1736
vn 0.1736 -0.0000 0.9848
vn -0.0000 -1.0000 -0.0000
vn -0.1736 -0.0000 -0.9848
vn -0.9848 -0.0000 0.1736
vt 0.625000 0.500000
vt 0.875000 0.500000
vt 0.875000 0.750000
vt 0.625000 0.750000
vt 0.375000 0.750000
vt 0.625000 1.000000
vt 0.375000 1.000000
vt 0.375000 0.000000
vt 0.625000 0.000000
vt 0.625000 0.250000
vt 0.375000 0.250000
vt 0.125000 0.500000
vt 0.375000 0.500000
vt 0.125000 0.750000
s 0
usemtl Material.001
f 169/293/121 173/294/121 175/295/121 171/296/121
f 172/297/122 171/296/122 175/298/122 176/299/122
f 176/300/123 175/301/123 173/302/123 174/303/123
f 174/304/124 170/305/124 172/297/124 176/306/124
f 170/305/125 169/293/125 171/296/125 172/297/125
f 174/303/126 173/302/126 169/293/126 170/305/126
o frame.020
v 5.523602 2.605562 -16.652010
v 5.523602 -3.394438 -16.652010
v 2.059500 2.605562 -14.652011
v 2.059500 -3.394438 -14.652011
v 5.423601 2.605562 -16.825216
v 5.423601 -3.394438 -16.825216
v 1.959500 2.605562 -14.825216
v 1.959500 -3.394438 -14.825216
vn -0.0000 1.0000 -0.0000
vn -0.8660 -0.0000 0.5000
vn -0.5000 -0.0000 -0.8660
vn -0.0000 -1.0000 -0.0000
vn 0.5000 -0.0000 0.8660
vn 0.8660 -0.0000 -0.5000
vt 0.625000 0.500000
vt 0.875000 0.500000
vt 0.875000 0.750000
vt 0.625000 0.750000
vt 0.375000 0.750000
vt 0.625000 1.000000
vt 0.375000 1.000000
vt 0.375000 0.000000
vt 0.625000 0.000000
vt 0.625000 0.250000
vt 0.375000 0.250000
vt 0.125000 0.500000
vt 0.375000 0.500000
vt 0.125000 0.750000
s 0
usemtl Material.001
f 177/307/127 181/308/127 183/309/127 179/310/127
f 180/311/128 179/310/128 183/312/128 184/313/128
f 184/314/129 183/315/129 181/316/129 182/317/129
f 182/318/130 178/319/130 180/311/130 184/320/130
f 178/319/131 177/307/131 179/310/131 180/311/131
f 182/317/132 181/316/132 177/307/132 178/319/132
o frame.021
v 2.382532 -2.300021 -10.722862
v 2.382532 -8.300020 -10.722862
v 4.676837 -2.300021 -7.446254
v 4.676837 -8.300020 -7.446254
v 2.218701 -2.300021 -10.608147
v 2.218701 -8.300020 -10.608147
v 4.513007 -2.300021 -7.331539
v 4.513007 -8.300020 -7.331539
vn -0.0000 1.0000 -0.0000
vn 0.5736 -0.0000 0.8192
vn -0.8192 -0.0000 0.5736
vn -0.0000 -1.0000 -0.0000
vn 0.8192 -0.0000 -0.5736
vn -0.5736 -0.0000 -0.8192
vt 0.625000 0.500000
vt 0.875000 0.500000
vt 0.875000 0.750000
vt 0.625000 0.750000
vt 0.375000 0.750000
vt 0.625000 1.000000
vt 0.375000 1.000000
vt 0.375000 0.000000
vt 0.625000 0.000000
vt 0.625000 0.250000
vt 0.375000 0.250000
vt 0.125000 0.500000
vt 0.375000 0.500000
vt 0.125000 0.750000
s 0
usemtl Material.001
f 185/321/133 189/322/133 191/323/133 187/324/133
f 188/325/134 187/324/134 191/326/134 192/327/134
f 192/328/135 191/329/135 189/330/135 190/331/135
f 190/332/136 186/333/136 188/325/136 192/334/136
f 186/333/137 185/321/137 187/324/137 188/325/137
f 190/331/138 189/330/138 185/321/138 186/333/138
o frame.022
v 1.084019 0.258223 -11.513612
v 1.084019 -5.741777 -11.513612
v 4.148197 0.258223 -8.942461
v 4.148197 -5.741777 -8.942461
v 0.955462 0.258223 -11.360403
v 0.955462 -5.741777 -11.360403
v 4.019639 0.258223 -8.789252
v 4.019639 -5.741777 -8.789252
vn -0.0000 1.0000 -0.0000
vn 0.7660 -0.0000 0.6428
vn -0.6428 -0.0000 0.7660
vn -0.0000 -1.0000 -0.0000
vn 0.6428 -0.0000 -0.7660
vn -0.7660 -0.0000 -0.6428
vt 0.625000 0.500000
vt 0.875000 0.500000
vt 0.875000 0.750000
vt 0.625000 0.750000
vt 0.375000 0.750000
vt 0.625000 1.000000
vt 0.375000 1.000000
vt 0.375000 0.000000
vt 0.625000 0.000000
vt 0.625000 0.250000
vt 0.375000 0.250000
vt 0.125000 0.500000
vt 0.375000 0.500000
vt 0.125000 0.750000
s 0
usemtl Material.001
f 193/335/139 197/336/139 199/337/139 195/338/139
f 196/339/140 195/338/140 199/340/140 200/341/140
f 200/342/141 199/343/141 197/344/141 198/345/141
f 198/346/142 194/347/142 196/339/142 200/348/142
f 194/347/143 193/335/143 195/338/143 196/339/143
f 198/345/144 197/344/144 193/335/144 194/347/144
o frame.023
v 0.107228 -5.379076 -2.085464
v 0.107228 -11.379076 -2.085464
v 4.085316 -5.379076 -2.503581
v 4.085316 -11.379076 -2.503581
v 0.128134 -5.379076 -1.886560
v 0.128134 -11.379076 -1.886560
v 4.106221 -5.379076 -2.304677
v 4.106221 -11.379076 -2.304677
vn -0.0000 1.0000 -0.0000
vn 0.9945 -0.0000 -0.1045
vn 0.1045 -0.0000 0.9945
vn -0.0000 -1.0000 -0.0000
vn -0.1045 -0.0000 -0.9945
vn -0.9945 -0.0000 0.1045
vt 0.625000 0.500000
vt 0.875000 0.500000
vt 0.875000 0.750000
vt 0.625000 0.750000
vt 0.375000 0.750000
vt 0.625000 1.000000
vt 0.375000 1.000000
vt 0.375000 0.000000
vt 0.625000 0.000000
vt 0.625000 0.250000
vt 0.375000 0.250000
vt 0.125000 0.500000
vt 0.375000 0.500000
vt 0.125000 0.750000
s 0
usemtl Material.001
f 201/349/145 205/350/145 207/351/145 203/352/145
f 204/353/146 203/352/146 207/354/146 208/355/146
f 208/356/147 207/357/147 205/358/147 206/359/147
f 206/360/148 202/361/148 204/353/148 208/362/148
f 202/361/149 201/349/149 203/352/149 204/353/149
f 206/359/150 205/358/150 201/349/150 202/361/150
o frame.024
v -2.164379 0.759255 4.804363
v -2.164379 -5.240745 4.804363
v -6.076968 0.759255 3.972711
v -6.076968 -5.240745 3.972711
v -2.122796 0.759255 4.608733
v -2.122796 -5.240745 4.608733
v -6.035386 0.759255 3.777081
v -6.035386 -5.240745 3.777081
vn -0.0000 1.0000 -0.0000
vn -0.9781 -0.0000 -0.2079
vn 0.2079 -0.0000 -0.9781
vn -0.0000 -1.0000 -0.0000
vn -0.2079 -0.0000 0.9781
vn 0.9781 -0.0000 0.2079
vt 0.625000 0.500000
vt 0.875000 0.500000
vt 0.875000 0.750000
vt 0.625000 0.750000
vt 0.375000 0.750000
vt 0.625000 1.000000
vt 0.375000 1.000000
vt 0.375000 0.000000
vt 0.625000 0.000000
vt 0.625000 0.250000
vt 0.375000 0.250000
vt 0.125000 0.500000
vt 0.375000 0.500000
vt 0.125000 0.750000
s 0
usemtl Material.001
f 209/363/151 213/364/151 215/365/151 211/366/151
f 212/367/152 211/366/152 215/368/152 216/369/152
f 216/370/153 215/371/153 213/372/153 214/373/153
f 214/374/154 210/375/154 212/367/154 216/376/154
f 210/375/155 209/363/155 211/366/155 212/367/155
f 214/373/156 213/372/156 209/363/156 210/375/156
o frame.025
v 2.032776 -7.556543 -3.760303
v 2.032776 -13.556543 -3.760303
v 6.010863 -7.556543 -4.178421
v 6.010863 -13.556543 -4.178421
v 2.053682 -7.556543 -3.561399
v 2.053682 -13.556543 -3.561399
v 6.031769 -7.556543 -3.979516
v 6.031769 -13.556543 -3.979516
vn -0.0000 1.0000 -0.0000
vn 0.9945 -0.0000 -0.1045
vn 0.1045 -0.0000 0.9945
vn -0.0000 -1.0000 -0.0000
vn -0.1045 -0.0000 -0.9945
vn -0.9945 -0.0000 0.1045
vt 0.625000 0.500000
vt 0.875000 0.500000
vt 0.875000 0.750000
vt 0.625000 0.750000
vt 0.375000 0.750000
vt 0.625000 1.000000
vt 0.375000 1.000000
vt 0.375000 0.000000
vt 0.625000 0.000000
vt 0.625000 0.250000
vt 0.375000 0.250000
vt 0.125000 0.500000
vt 0.375000 0.500000
vt 0.125000 0.750000
s 0
usemtl Material.001
f 217/377/157 221/378/157 223/379/157 219/380/157
f 220/381/158 219/380/158 223/382/158 224/383/158
f 224/384/159 223/385/159 221/386/159 222/387/159
f 222/388/160 218/389/160 220/381/160 224/390/160
f 218/389/161 217/377/161 219/380/161 220/381/161
f 222/387/162 221/386/162 217/377/162 218/389/162
o frame.026
v 4.212684 -9.972135 -5.717424
v 4.212684 -15.972135 -5.717424
v 8.190771 -9.972135 -6.135541
v 8.190771 -15.972135 -6.135541
v 4.233589 -9.972135 -5.518519
v 4.233589 -15.972135 -5.518519
v 8.211677 -9.972135 -5.936636
v 8.211677 -15.972135 -5.936636
vn -0.0000 1.0000 -0.0000
vn 0.9945 -0.0000 -0.1045
vn 0.1045 -0.0000 0.9945
vn -0.0000 -1.0000 -0.0000
vn -0.1045 -0.0000 -0.9945
vn -0.9945 -0.0000 0.1045
vt 0.625000 0.500000
vt 0.875000 0.500000
vt 0.875000 0.750000
vt 0.625000 0.750000
vt 0.375000 0.750000
vt 0.625000 1.000000
vt 0.375000 1.000000
vt 0.375000 0.000000
vt 0.625000 0.000000
vt 0.625000 0.250000
vt 0.375000 0.250000
vt 0.125000 0.500000
vt 0.375000 0.500000
vt 0.125000 0.750000
s 0
usemtl Material.001
f 225/391/163 229/392/163 231/393/163 227/394/163
f 228/395/164 227/394/164 231/396/164 232/397/164
f 232/398/165 231/399/165 229/400/165 230/401/165
f 230/402/166 226/403/166 228/395/166 232/404/166
f 226/403/167 225/391/167 227/394/167 228/395/167
f 230/401/168 229/400/168 225/391/168 226/403/168
o frame.027
v 2.380511 -2.372019 -10.938719
v 2.380511 -8.372019 -10.938719
v 6.358598 -2.372019 -11.356836
v 6.358598 -8.372019 -11.356836
v 2.401417 -2.372019 -10.739815
v 2.401417 -8.372019 -10.739815
v 6.379504 -2.372019 -11.157932
v 6.379504 -8.372019 -11.157932
vn -0.0000 1.0000 -0.0000
vn 0.9945 -0.0000 -0.1045
vn 0.1045 -0.0000 0.9945
vn -0.0000 -1.0000 -0.0000
vn -0.1045 -0.0000 -0.9945
vn -0.9945 -0.0000 0.1045
vt 0.625000 0.500000
vt 0.875000 0.500000
vt 0.875000 0.750000
vt 0.625000 0.750000
vt 0.375000 0.750000
vt 0.625000 1.000000
vt 0.375000 1.000000
vt 0.375000 0.000000
vt 0.625000 0.000000
vt 0.625000 0.250000
vt 0.375000 0.250000
vt 0.125000 0.500000
vt 0.375000 0.500000
vt 0.125000 0.750000
s 0
usemtl Material.001
f 233/405/169 237/406/169 239/407/169 235/408/169
f 236/409/170 235/408/170 239/410/170 240/411/170
f 240/412/171 239/413/171 237/414/171 238/415/171
f 238/416/172 234/417/172 236/409/172 240/418/172
f 234/417/173 233/405/173 235/408/173 236/409/173
f 238/415/174 237/414/174 233/405/174 234/417/174
o frame.028
v -9.338103 1.179802 13.858259
v -9.338103 -4.820198 13.858259
v -9.338103 1.179802 17.858259
v -9.338103 -4.820198 17.858259
v -9.538104 1.179802 13.858259
v -9.538104 -4.820198 13.858259
v -9.538104 1.179802 17.858259
v -9.538104 -4.820198 17.858259
vn -0.0000 1.0000 -0.0000
vn -0.0000 -0.0000 1.0000
vn -1.0000 -0.0000 -0.0000
vn -0.0000 -1.0000 -0.0000
vn 1.0000 -0.0000 -0.0000
vn -0.0000 -0.0000 -1.0000
vt 0.625000 0.500000
vt 0.875000 0.500000
vt 0.875000 0.750000
vt 0.625000 0.750000
vt 0.375000 0.750000
vt 0.625000 1.000000
vt 0.375000 1.000000
vt 0.375000 0.000000
vt 0.625000 0.000000
vt 0.625000 0.250000
vt 0.375000 0.250000
vt 0.125000 0.500000
vt 0.375000 0.500000
vt 0.125000 0.750000
s 0
usemtl Material.001
f 241/419/175 245/420/175 247/421/175 243/422/175
f 244/423/176 243/422/176 247/424/176 248/425/176
f 248/426/177 247/427/177 245/428/177 246/429/177
f 246/430/178 242/431/178 244/423/178 248/432/178
f 242/431/179 241/419/179 243/422/179 244/423/179
f 246/429/180 245/428/180 241/419/180 242/431/180
o frame.029
v 6.083382 -2.951960 -15.959885
v 6.083382 -8.951960 -15.959885
v 6.083382 -2.951960 -11.959885
v 6.083382 -8.951960 -11.959885
v 5.883382 -2.951960 -15.959885
v 5.883382 -8.951960 -15.959885
v 5.883382 -2.951960 -11.959885
v 5.883382 -8.951960 -11.959885
vn -0.0000 1.0000 -0.0000
vn -0.0000 -0.0000 1.0000
vn -1.0000 -0.0000 -0.0000
vn -0.0000 -1.0000 -0.0000
vn 1.0000 -0.0000 -0.0000
vn -0.0000 -0.0000 -1.0000
vt 0.625000 0.500000
vt 0.875000 0.500000
vt 0.875000 0.750000
vt 0.625000 0.750000
vt 0.375000 0.750000
vt 0.625000 1.000000
vt 0.375000 1.000000
vt 0.375000 0.000000
vt 0.625000 0.000000
vt 0.625000 0.250000
vt 0.375000 0.250000
vt 0.125000 0.500000
vt 0.375000 0.500000
vt 0.125000 0.750000
s 0
usemtl Material.001
f 249/433/181 253/434/181 255/435/181 251/436/181
f 252/437/182 251/436/182 255/438/182 256/439/182
f 256/440/183 255/441/183 253/442/183 254/443/183
f 254/444/184 250/445/184 252/437/184 256/446/184
f 250/445/185 249/433/185 251/436/185 252/437/185
f 254/443/186 253/442/186 249/433/186 250/445/186
o frame.030
v 8.675076 -2.909158 -19.073252
v 8.675076 -8.909159 -19.073252
v 6.496519 -2.909158 -15.718570
v 6.496519 -8.909159 -15.718570
v 8.507341 -2.909158 -19.182180
v 8.507341 -8.909159 -19.182180
v 6.328785 -2.909158 -15.827497
v 6.328785 -8.909159 -15.827497
vn -0.0000 1.0000 -0.0000
vn -0.5446 -0.0000 0.8387
vn -0.8387 -0.0000 -0.5446
vn -0.0000 -1.0000 -0.0000
vn 0.8387 -0.0000 0.5446
vn 0.5446 -0.0000 -0.8387
vt 0.625000 0.500000
vt 0.875000 0.500000
vt 0.875000 0.750000
vt 0.625000 0.750000
vt 0.375000 0.750000
vt 0.625000 1.000000
vt 0.375000 1.000000
vt 0.375000 0.000000
vt 0.625000 0.000000
vt 0.625000 0.250000
vt 0.375000 0.250000
vt 0.125000 0.500000
vt 0.375000 0.500000
vt 0.125000 0.750000
s 0
usemtl Material.001
f 257/447/187 261/448/187 263/449/187 259/450/187
f 260/451/188 259/450/188 263/452/188 264/453/188
f 264/454/189 263/455/189 261/456/189 262/457/189
f 262/458/190 258/459/190 260/451/190 264/460/190
f 258/459/191 257/447/191 259/450/191 260/451/191
f 262/457/192 261/456/192 257/447/192 258/459/192
o frame.031
v 6.967276 1.973979 -21.226761
v 6.967276 -4.026021 -21.226761
v 4.788720 1.973979 -17.872078
v 4.788720 -4.026021 -17.872078
v 6.799542 1.973979 -21.335690
v 6.799542 -4.026021 -21.335690
v 4.620986 1.973979 -17.981007
v 4.620986 -4.026021 -17.981007
vn -0.0000 1.0000 -0.0000
vn -0.5446 -0.0000 0.8387
vn -0.8387 -0.0000 -0.5446
vn -0.0000 -1.0000 -0.0000
vn 0.8387 -0.0000 0.5446
vn 0.5446 -0.0000 -0.8387
vt 0.625000 0.500000
vt 0.875000 0.500000
vt 0.875000 0.750000
vt 0.625000 0.750000
vt 0.375000 0.750000
vt 0.625000 1.000000
vt 0.375000 1.000000
vt 0.375000 0.000000
vt 0.625000 0.000000
vt 0.625000 0.250000
vt 0.375000 0.250000
vt 0.125000 0.500000
vt 0.375000 0.500000
vt 0.125000 0.750000
s 0
usemtl Material.001
f 265/461/193 269/462/193 271/463/193 267/464/193
f 268/465/194 267/464/194 271/466/194 272/467/194
f 272/468/195 271/469/195 269/470/195 270/471/195
f 270/472/196 266/473/196 268/465/196 272/474/196
f 266/473/197 265/461/197 267/464/197 268/465/197
f 270/471/198 269/470/198 265/461/198 266/473/198
o frame.032
v 9.913751 -2.965210 -23.184341
v 9.913751 -8.965210 -23.184341
v 8.744264 -2.965210 -19.359123
v 8.744264 -8.965210 -19.359123
v 9.722489 -2.965210 -23.242817
v 9.722489 -8.965210 -23.242817
v 8.553002 -2.965210 -19.417599
v 8.553002 -8.965210 -19.417599
vn -0.0000 1.0000 -0.0000
vn -0.2924 -0.0000 0.9563
vn -0.9563 -0.0000 -0.2924
vn -0.0000 -1.0000 -0.0000
vn 0.9563 -0.0000 0.2924
vn 0.2924 -0.0000 -0.9563
vt 0.625000 0.500000
vt 0.875000 0.500000
vt 0.875000 0.750000
vt 0.625000 0.750000
vt 0.375000 0.750000
vt 0.625000 1.000000
vt 0.375000 1.000000
vt 0.375000 0.000000
vt 0.625000 0.000000
vt 0.625000 0.250000
vt 0.375000 0.250000
vt 0.125000 0.500000
vt 0.375000 0.500000
vt 0.125000 0.750000
s 0
usemtl Material.001
f 273/475/199 277/476/199 279/477/199 275/478/199
f 276/479/200 275/478/200 279/480/200 280/481/200
f 280/482/201 279/483/201 277/484/201 278/485/201
f 278/486/202 274/487/202 276/479/202 280/488/202
f 274/487/203 273/475/203 275/478/203 276/479/203
f 278/485/204 277/484/204 273/475/204 274/487/204
o frame.033
v 9.437920 1.401228 -24.817797
v 9.437920 -4.598772 -24.817797
v 6.419081 1.401228 -22.193562
v 6.419081 -4.598772 -22.193562
v 9.306708 1.401228 -24.968739
v 9.306708 -4.598772 -24.968739
v 6.287869 1.401228 -22.344503
v 6.287869 -4.598772 -22.344503
vn -0.0000 1.0000 -0.0000
vn -0.7547 -0.0000 0.6561
vn -0.6561 -0.0000 -0.7547
vn -0.0000 -1.0000 -0.0000
vn 0.6561 -0.0000 0.7547
vn 0.7547 -0.0000 -0.6561
vt 0.625000 0.500000
vt 0.875000 0.500000
vt 0.875000 0.750000
vt 0.625000 0.750000
vt 0.375000 0.750000
vt 0.625000 1.000000
vt 0.375000 1.000000
vt 0.375000 0.000000
vt 0.625000 0.000000
vt 0.625000 0.250000
vt 0.375000 0.250000
vt 0.125000 0.500000
vt 0.375000 0.500000
vt 0.125000 0.750000
s 0
usemtl Material.001
f 281/489/205 285/490/205 287/491/205 283/492/205
f 284/493/206 283/492/206 287/494/206 288/495/206
f 288/496/207 287/497/207 285/498/207 286/499/207
f 286/500/208 282/501/208 284/493/208 288/502/208
f 282/501/209 281/489/209 283/492/209 284/493/209
f 286/499/210 285/498/210 281/489/210 282/501/210
o frame.034
v 10.669433 -2.454453 -26.792618
v 10.669433 -8.454453 -26.792618
v 10.529835 -2.454453 -22.795055
v 10.529835 -8.454453 -22.795055
v 10.469555 -2.454453 -26.799599
v 10.469555 -8.454453 -26.799599
v 10.329957 -2.454453 -22.802036
v 10.329957 -8.454453 -22.802036
vn -0.0000 1.0000 -0.0000
vn -0.0349 -0.0000 0.9994
vn -0.9994 -0.0000 -0.0349
vn -0.0000 -1.0000 -0.0000
vn 0.9994 -0.0000 0.0349
vn 0.0349 -0.0000 -0.9994
vt 0.625000 0.500000
vt 0.875000 0.500000
vt 0.875000 0.750000
vt 0.625000 0.750000
vt 0.375000 0.750000
vt 0.625000 1.000000
vt 0.375000 1.000000
vt 0.375000 0.000000
vt 0.625000 0.000000
vt 0.625000 0.250000
vt 0.375000 0.250000
vt 0.125000 0.500000
vt 0.375000 0.500000
vt 0.125000 0.750000
s 0
usemtl Material.001
f 289/503/211 293/504/211 295/505/211 291/506/211
f 292/507/212 291/506/212 295/508/212 296/509/212
f 296/510/213 295/511/213 293/512/213 294/513/213
f 294/514/214 290/515/214 292/507/214 296/516/214
f 290/515/215 289/503/215 291/506/215 292/507/215
f 294/513/216 293/512/216 289/503/216 290/515/216
o frame.035
v -8.152334 9.096187 1.414988
v -8.152334 3.096187 1.414988
v -8.152334 9.096187 5.414988
v -8.152334 3.096187 5.414988
v -8.352335 9.096187 1.414988
v -8.352335 3.096187 1.414988
v -8.352335 9.096187 5.414988
v -8.352335 3.096187 5.414988
vn -0.0000 1.0000 -0.0000
vn -0.0000 -0.0000 1.0000
vn -1.0000 -0.0000 -0.0000
vn -0.0000 -1.0000 -0.0000
vn 1.0000 -0.0000 -0.0000
vn -0.0000 -0.0000 -1.0000
vt 0.625000 0.500000
vt 0.875000 0.500000
vt 0.875000 0.750000
vt 0.625000 0.750000
vt 0.375000 0.750000
vt 0.625000 1.000000
vt 0.375000 1.000000
vt 0.375000 0.000000
vt 0.625000 0.000000
vt 0.625000 0.250000
vt 0.375000 0.250000
vt 0.125000 0.500000
vt 0.375000 0.500000
vt 0.125000 0.750000
s 0
usemtl Material.001
f 297/517/217 301/518/217 303/519/217 299/520/217
f 300/521/218 299/520/218 303/522/218 304/523/218
f 304/524/219 303/525/219 301/526/219 302/527/219
f 302/528/220 298/529/220 300/521/220 304/530/220
f 298/529/221 297/517/221 299/520/221 300/521/221
f 302/527/222 301/526/222 297/517/222 298/529/222
o frame.036
v -13.025801 7.324254 12.843865
v -13.025801 1.324254 12.843865
v -11.335328 7.324254 16.469097
v -11.335328 1.324254 16.469097
v -13.207063 7.324254 12.928389
v -13.207063 1.324254 12.928389
v -11.516590 7.324254 16.553619
v -11.516590 1.324254 16.553619
vn -0.0000 1.0000 -0.0000
